0 -> 1, 1, 3, 4, 5, 8, 9, 11, 15, 15, 36
1 -> 0, 0, 2, 2, 3, 4, 5, 6, 14
2 -> 1, 1, 6, 8, 9
3 -> 1, 0, 7, 18, 25, 26, 31
4 -> 1, 0, 7, 24, 39, 41
5 -> 1, 0, 16, 20, 23, 30
6 -> 2, 1, 10, 14, 20, 41, 49
7 -> 4, 3, 10, 13, 23, 29, 29, 42, 48
8 -> 0, 2, 11, 12, 16, 18, 28
9 -> 0, 2, 17, 19, 19, 25, 27, 43
10 -> 7, 6, 12, 13, 17, 21
11 -> 8, 0, 26, 33
12 -> 8, 10
13 -> 10, 7, 21, 30
14 -> 1, 6
15 -> 0, 0, 22, 27
16 -> 5, 8, 22, 35
17 -> 9, 10, 37
18 -> 3, 8
19 -> 9, 9, 34, 36, 37, 44
20 -> 5, 6, 40
21 -> 13, 10, 38
22 -> 16, 15, 24, 34, 43, 47
23 -> 5, 7
24 -> 22, 4
25 -> 9, 3, 28, 39
26 -> 11, 3, 38, 45
27 -> 9, 15, 47
28 -> 8, 25, 32, 33, 46
29 -> 7, 7, 32
30 -> 13, 5, 31
31 -> 30, 3, 42
32 -> 29, 28
33 -> 28, 11, 35
34 -> 19, 22, 46
35 -> 33, 16
36 -> 19, 0, 40, 48
37 -> 17, 19, 44, 45
38 -> 21, 26
39 -> 25, 4
40 -> 36, 20
41 -> 4, 6, 49
42 -> 7, 31
43 -> 22, 9
44 -> 37, 19
45 -> 26, 37
46 -> 34, 28
47 -> 22, 27
48 -> 36, 7
49 -> 6, 41
