0 -> 4, 15, 16, 30, 39, 40, 43
1 -> 0, 4, 6, 9, 13, 30, 45, 47, 48
2 -> 1, 0, 7, 19, 21, 22
3 -> 0, 1, 2, 4, 7, 14, 16, 29, 31, 32, 37
4 -> 3, 1, 2, 0, 5, 12, 23, 27, 36, 49
5 -> 11, 39, 40
6 -> 1, 2, 0, 27
7 -> 8, 12, 14
8 -> 4, 1, 5, 7
9 -> 6, 1, 3, 2, 15, 23, 24
10 -> 1, 5, 3, 4, 13
11 -> 5, 7, 3, 8, 17
12 -> 6, 4, 7, 0, 13, 29, 34
13 -> 10, 2, 9, 12, 1, 37, 42, 44
14 -> 1, 3, 7, 17, 20, 32
15 -> 4, 0, 5, 9
16 -> 3, 0, 6, 9
17 -> 6, 11, 2, 12, 14, 23, 25
18 -> 10, 5, 0, 6, 2, 28
19 -> 9, 2, 16, 7, 25, 43
20 -> 43
21 -> 2, 0, 6, 19, 32
22 -> 9, 1, 7, 2, 4
23 -> 4, 0, 17, 9, 3
24 -> 
25 -> 
26 -> 22, 3, 11, 16, 27
27 -> 4, 26, 23, 6, 1
28 -> 16, 19, 18, 17, 9
29 -> 25, 9, 3, 17, 12
30 -> 11, 14, 1, 0, 5
31 -> 33, 38
32 -> 14, 3, 10, 21, 24
33 -> 23, 10, 31, 19
34 -> 36, 40
35 -> 37
36 -> 2, 4, 0, 11, 34
37 -> 3, 30, 13, 28, 35
38 -> 
39 -> 0, 5, 17, 27, 48
40 -> 0, 27, 17, 34, 5
41 -> 4, 37, 22, 34, 2
42 -> 9, 1, 13, 18, 22
43 -> 1, 19, 20, 0, 24
44 -> 
45 -> 5, 29, 19, 41, 1
46 -> 
47 -> 31, 11, 1, 5, 4
48 -> 
49 -> 24, 17, 5, 3, 4
